68 0.812037 1.000000
69 0.756481 1.000000
70 0.814815 1.000000
71 1.000000 1.000000
72 0.812037 1.000000
136 0.100000 -1.000000
137 0.100000 -1.000000
138 0.100000 -1.000000
139 0.100000 -1.000000
273 1.000000 1.000000
282 1.000000 1.000000
292 1.000000 1.000000
300 1.000000 1.000000
308 1.000000 1.000000
318 1.000000 1.000000
337 1.000000 1.000000
345 1.000000 1.000000
351 1.000000 1.000000
360 1.000000 1.000000
368 1.000000 1.000000
378 1.000000 1.000000
388 1.000000 1.000000
397 1.000000 1.000000
403 1.000000 1.000000
409 1.000000 1.000000
416 1.000000 1.000000
425 1.000000 1.000000
433 1.000000 1.000000
442 0.814815 1.000000
452 1.000000 1.000000
461 1.000000 1.000000
471 1.000000 1.000000
481 1.000000 1.000000
490 1.000000 1.000000
500 1.000000 1.000000
509 1.000000 1.000000
519 1.000000 1.000000
529 1.000000 1.000000
537 0.965741 1.000000
543 1.000000 1.000000
552 1.000000 1.000000
562 1.000000 1.000000
572 0.814815 1.000000
592 1.000000 1.000000
602 1.000000 1.000000
612 1.000000 1.000000
617 1.000000 1.000000
623 0.983333 1.000000
628 1.000000 1.000000
637 1.000000 1.000000
656 1.000000 1.000000
664 1.000000 1.000000
672 1.000000 1.000000
687 1.000000 1.000000
696 1.000000 1.000000
703 1.000000 1.000000
713 1.000000 1.000000
718 1.000000 1.000000
723 1.000000 1.000000
729 1.000000 1.000000
737 1.000000 1.000000
745 1.000000 1.000000
753 0.863889 1.000000
763 1.000000 1.000000
771 1.000000 1.000000
780 1.000000 1.000000
789 1.000000 1.000000
795 1.000000 1.000000
804 1.000000 1.000000
813 1.000000 1.000000
822 0.938889 1.000000
832 0.907407 1.000000
842 0.814815 1.000000
correct rate: 0.991123

